street_0	-274.62330000000000,-15.85150000000000	-249.22330000000000,2.56360000000000
street_1	-183.81820000000000,-66.44000000000000	-120.95320000000000,-174.39000000000000
street_2	-349.97710000000000,-166.34660000000000	-344.26210000000000,-159.99660000000000	-307.64380000000000,-155.12830000000000	-295.79040000000000,-157.24490000000000
street_3	-414.53550000000000,-77.86990000000000	-373.68380000000000,-169.30990000000000	-366.91050000000000,-174.60160000000000	-350.40050000000000,-166.34660000000000	-367.33380000000000,-126.34160000000000	-376.43550000000000,-100.72990000000000	-392.52220000000000,-66.65150000000000
street_4	-89.89080000000000,99.26880000000000	-184.29420000000000,152.60880000000000	-213.92750000000000,154.30210000000000	-241.86760000000000,137.36880000000000
street_5	121.77600000000000,-98.42860000000000	184.85270000000000,-60.75190000000000	201.36270000000000,-43.39520000000000	203.47930000000000,-26.03860000000000	193.74270000000000,-9.95190000000000	170.88270000000000,1.47810000000000	117.11930000000000,5.71140000000000	-9.03410000000000,67.94150000000000	-45.01740000000000,63.70810000000000	-76.76750000000000,38.94370000000000	-88.19750000000000,34.71040000000000	-101.74420000000000,38.94370000000000	-114.44420000000000,49.52700000000000	-128.41420000000000,41.90700000000000	-150.11010000000000,35.76860000000000	-172.12350000000000,37.46190000000000	-197.52350000000000,46.35190000000000	-209.00640000000000,69.21190000000000
street_6	75.20930000000000,-121.28860000000000	95.95260000000000,-165.73860000000000
street_7	-67.45440000000000,-225.64030000000000	-91.37270000000000,-240.45700000000000	-75.92100000000000,-269.87860000000000	-85.65770000000000,-294.64370000000000
street_8	-114.86770000000000,-185.84690000000000	-85.23440000000000,-236.43530000000000
street_9	-162.06940000000000,-166.16190000000000	-87.56270000000000,-294.22030000000000
street_10	-193.60780000000000,-152.40360000000000	-164.60950000000000,-135.04690000000000
street_11	-180.69610000000000,-175.89860000000000	-148.09940000000000,-157.48360000000000	-133.91780000000000,-182.67190000000000
street_12	-196.57110000000000,-148.80520000000000	-176.25110000000000,-185.21190000000000
street_13	-372.25460000000000,-56.09510000000000	-310.02460000000000,-104.99020000000000
street_14	-426.44140000000000,77.46640000000000	-285.89470000000000,35.13310000000000	-269.80800000000000,36.82640000000000	-192.33800000000000,77.88980000000000
street_15	-430.46340000000000,59.26300000000000	-326.95830000000000,29.20630000000000	-303.67490000000000,22.64470000000000	-293.72660000000000,13.75460000000000	-229.16800000000000,-90.59690000000000
street_16	120.71680000000000,-96.10020000000000	42.40010000000000,35.13310000000000	69.91680000000000,74.07980000000000
street_17	1.76010000000000,61.80310000000000	102.51340000000000,-106.26020000000000
street_18	-21.94660000000000,66.03650000000000	84.31010000000000,-117.69020000000000
street_19	-43.96000000000000,63.91980000000000	64.83680000000000,-125.73360000000000
street_20	44.09340000000000,-132.08360000000000	-88.83330000000000,98.63310000000000
street_21	-78.25000000000000,38.94310000000000	26.31340000000000,-140.97360000000000
street_22	8.53340000000000,-152.82690000000000	-101.95660000000000,40.21310000000000
street_23	-307.69670000000000,-107.95360000000000	-228.53340000000000,-92.71360000000000	22.08010000000000,52.91310000000000
street_24	-7.55330000000000,-164.68020000000000	-128.62670000000000,41.90650000000000
street_25	-22.79330000000000,-178.22690000000000	-150.21670000000000,35.97980000000000
street_26	-137.51670000000000,-27.94350000000000	-36.76330000000000,-197.27690000000000
street_27	-117.19660000000000,-100.33360000000000	-49.88660000000000,-215.48030000000000
street_28	119.02350000000000,-96.52360000000000	74.99680000000000,-122.34690000000000	43.67010000000000,-132.08360000000000	10.22670000000000,-150.28690000000000	-24.48660000000000,-179.92020000000000	-61.74000000000000,-234.10690000000000
street_29	-140.90330000000000,-100.75690000000000	-62.58660000000000,-233.68360000000000
street_30	-193.39670000000000,-217.59690000000000	-176.46330000000000,-247.23030000000000	-153.60330000000000,-266.70360000000000
street_31	-264.30490000000000,-258.44860000000000	-258.37820000000000,-277.49860000000000	-210.54150000000000,-321.52530000000000	-184.71820000000000,-333.80200000000000
street_32	-105.97820000000000,-167.00860000000000	-184.29490000000000,-332.95530000000000
street_33	-287.09350000000000,-194.88530000000000	-257.24840000000000,-187.26530000000000	-152.47340000000000,-120.80200000000000	87.06190000000000,18.41140000000000
street_34	-202.85010000000000,-223.24870000000000	-210.68170000000000,-199.33030000000000	-216.82010000000000,-168.21530000000000	-219.78340000000000,-163.77030000000000
street_35	-296.40700000000000,-157.20870000000000	-238.83360000000000,-155.72700000000000	-207.50690000000000,-139.00530000000000	-221.68840000000000,-120.16700000000000	-226.34510000000000,-90.95690000000000
street_36	-214.49190000000000,-230.23370000000000	-234.81190000000000,-153.61030000000000
street_37	-226.76860000000000,-237.64210000000000	-241.58530000000000,-178.79870000000000
street_38	-236.50530000000000,-243.78040000000000	-265.92700000000000,-126.72870000000000
street_39	-246.24230000000000,-249.49560000000000	-269.94890000000000,-157.42060000000000	-280.74390000000000,-103.02220000000000
street_40	-257.46060000000000,-255.21060000000000	-295.34900000000000,-104.71550000000000
street_41	-282.01400000000000,-217.95730000000000	-198.61720000000000,-196.36720000000000	-171.73560000000000,-183.45560000000000
street_42	-270.16080000000000,-264.52390000000000	-335.35410000000000,1.32940000000000	-287.09410000000000,168.12280000000000
street_43	-279.54460000000000,-9.10470000000000	-418.32720000000000,-79.52730000000000	-448.80720000000000,-8.40730000000000	-409.86060000000000,141.45270000000000	-354.82720000000000,161.77270000000000	-238.83390000000000,137.21940000000000
street_44	-272.27710000000000,-264.10060000000000	96.86970000000000,-48.20060000000000
