street_0	1.70875984251969,9.13993700787402	2.70875984251968,9.86494094488189
street_1	5.28376377952756,7.14826377952756	7.75876377952756,2.89826377952756
street_2	-1.25792519685039,3.21493307086614	-1.03292519685039,3.46493307086614	0.40874015748032,3.65659842519685	0.87540944881890,3.57326771653543
street_3	-3.79959448818898,6.69826771653543	-2.19125984251969,3.09826771653543	-1.92459448818898,2.88993307086614	-1.27459448818898,3.21493307086614	-1.94125984251969,4.78993307086614	-2.29959448818898,5.79826771653543	-2.93292913385827,7.13993700787402
street_4	8.98169291338583,13.67223228346460	5.26502362204724,15.77223228346460	4.09835826771654,15.83889763779530	2.99835433070866,15.17223228346460
street_5	17.31503149606300,5.88887007874016	19.79836614173230,7.37220472440945	20.44836614173230,8.05553937007874	20.53169685039370,8.73887007874016	20.14836614173230,9.37220472440945	19.24836614173230,9.82220472440945	17.13169685039370,9.98887007874016	12.16502755905510,12.43887401574800	10.74836220472440,12.27220472440940	9.49835826771653,11.29722834645670	9.04835826771654,11.13056299212600	8.51502362204724,11.29722834645670	8.01502362204724,11.71389370078740	7.46502362204724,11.41389370078740	6.61085433070866,11.17222440944880	5.74418503937008,11.23888976377950	4.74418503937008,11.58888976377950	4.29210236220472,12.48888976377950
street_6	15.48169685039370,4.98887007874016	16.29836220472440,3.23887007874016
street_7	9.86501574803150,0.88053543307087	8.92335039370079,0.29720078740158	9.53168503937008,-0.86112992125984	9.14835039370079,-1.83613385826772
street_8	7.99835039370079,2.44720472440945	9.16501574803150,0.45553543307087
street_9	6.14001574803150,3.22220472440945	9.07335039370079,-1.81946456692913
street_10	4.89834645669291,3.76387007874016	6.04001181102362,4.44720472440945
street_11	5.40668110236220,2.83887007874016	6.69001574803150,3.56387007874016	7.24834645669291,2.57220472440945
street_12	4.78168110236220,3.90553937007874	5.58168110236220,2.47220472440945
street_13	-2.13499212598425,7.55554330708661	0.31500787401575,5.63053937007874
street_14	-4.26833070866142,12.81387007874020	1.26500393700787,11.14720472440940	1.89833858267717,11.21387007874020	4.94833858267717,12.83053937007870
street_15	-4.42667716535433,12.09720078740160	-0.35167322834646,10.91386614173230	0.56499606299213,10.65553543307090	0.95666141732284,10.30553149606300	3.49833858267717,6.19720472440945
street_16	17.27333070866140,5.98053937007874	14.18999606299210,11.14720472440940	15.27333070866140,12.68053937007870
street_17	12.58999606299210,12.19720472440940	16.55666141732280,5.58053937007874
street_18	11.65666141732280,12.36387401574800	15.83999606299210,5.13053937007874
street_19	10.78999212598430,12.28053937007870	15.07333070866140,4.81387007874016
street_20	14.25666141732280,4.56387007874016	9.02332677165354,13.64720472440940
street_21	9.43999212598425,11.29720472440940	13.55666141732280,4.21387007874016
street_22	12.85666141732280,3.74720472440945	8.50666141732284,11.34720472440940
street_23	0.40665748031496,5.51387007874016	3.52332283464567,6.11387007874016	13.38999606299210,11.84720472440940
street_24	12.22332677165350,3.28053937007874	7.45665748031496,11.41387401574800
street_25	11.62332677165350,2.74720472440945	6.60665748031496,11.18053937007870
street_26	7.10665748031496,8.66387401574803	11.07332677165350,1.99720472440945
street_27	7.90666141732283,5.81387007874016	10.55666141732280,1.28053543307087
street_28	17.20666535433070,5.96387007874016	15.47333070866140,4.94720472440945	14.23999606299210,4.56387007874016	12.92332677165350,3.84720472440945	11.55666141732280,2.68053937007874	10.08999212598430,0.54720472440945
street_29	6.97332677165354,5.79720472440945	10.05666141732280,0.56387007874016
street_30	4.90665748031496,1.19720472440945	5.57332677165354,0.03053543307087	6.47332677165354,-0.73612992125984
street_31	2.11499606299213,-0.41112992125984	2.34833070866142,-1.16112992125984	4.23166535433071,-2.89446456692913	5.24833070866142,-3.37779921259843
street_32	8.34833070866142,3.18887007874016	5.26499606299213,-3.34446456692913
street_33	1.21780708661417,2.09136220472441	2.39281102362205,2.39136220472441	6.51781102362205,5.00802755905512	15.94833464566930,10.48887007874020
street_34	4.53447637795276,0.97469291338583	4.22614566929134,1.91636220472441	3.98447637795276,3.14136220472441	3.86781102362205,3.31636220472441
street_35	0.85113385826772,3.57469291338583	3.11780314960630,3.63302755905512	4.35113779527559,4.29136220472441	3.79281102362205,5.03302755905512	3.60947637795276,6.18303149606299
street_36	4.07613779527559,0.69969291338583	3.27613779527559,3.71636220472441
street_37	3.59280314960630,0.40802362204724	3.00946850393701,2.72469291338583
street_38	3.20946850393701,0.16635826771654	2.05113385826772,4.77469291338583
street_39	2.82612204724409,-0.05864960629921	1.89279133858268,3.56635039370079	1.46779133858268,5.70801968503937
street_40	2.38445669291339,-0.28364960629921	0.89278740157480,5.64135433070866
street_41	1.41778740157480,1.18301574803150	4.70112598425197,2.03301968503937	5.75945669291339,2.54135039370079
street_42	1.88444881889764,-0.65031496062992	-0.68221653543307,9.81635039370079	1.21778346456693,16.38301968503940
street_43	1.51500787401575,9.40555905511811	-3.94887401574803,6.63301574803150	-5.14887401574803,9.43301574803150	-3.61554330708661,15.33301574803150	-1.44887401574803,16.13301574803150	3.11779133858268,15.16635039370080
street_44	1.80112992125984,-0.63364960629921	16.33446850393700,7.86635039370079
