Наличная	59.926388734628645, 30.238841436116946	59.94537948128999, 30.230087073061753	59.9571243024128, 30.23661155134355
БПВО	59.92635747421621, 30.239266312888766	59.941500452036195, 30.290540390607593
СПВО	59.9312512258978, 30.236740496252366	59.94647630009019, 30.289698451728793
МПВО	59.937533718158846, 30.23364438074394	59.93858686347763, 30.24514893627493	59.94879478865428, 30.280246590458304
Опочинина	59.93779723360249, 30.237584378843447	59.92687304656664, 30.24097289317313
Гаванская	59.92732037110906, 30.242482338042635	59.93983408702511, 30.23696270741603
Карташихина	59.93031280646264, 30.242616168066498	59.93611104595675, 30.2396553404954
Весельная	59.928107441762315, 30.245307956314306	59.93240828791576, 30.243185711463656
Шевченко	59.92867198204112, 30.24701019854969	59.93828178549638, 30.242065707075483	59.94380651349312, 30.23559480193436
Нахимова	59.93955160430724, 30.218109467684364	59.93958241933829, 30.218193010368516	59.94442177216668, 30.237747225229324	
Детская	59.93482752215725, 30.246534997560758	59.9340177169258, 30.247628219781262	59.92957321632026, 30.250158248403945	59.92617292782756, 30.255780534228844
Косая линия	59.92188179622779, 30.251814843692628	59.93303033379691, 30.26215553995018
27линия	59.92434355922381, 30.264919563231146	59.93332797143555, 30.254442157584375
25линия	59.928317987719346, 30.265327539603273	59.93191445866232, 30.261150637337813
Масляный канал	59.92906938151054, 30.26791952565039	59.9280624337854, 30.264375160575444	59.92592786425237, 30.266670868600112
Кожевенная линия	59.926599677821564, 30.240076247940046	59.925265225597265, 30.241130611618697	59.92405265647718, 30.24373948584923	59.92174255578479, 30.254364227714394
22линия	59.92863522631935, 30.268432204517403	59.93790690783562, 30.25759762792352
20линия	59.93801763253872, 30.260868043997764	59.9299203214505, 30.2702967403971
